%YAML:1.0
precision: 9.1905425963488840e-001
recall: 9.1905425963488840e-001
fmeasure: 9.1905425963488840e-001
