%YAML:1.0
precision: 2.2303891741913501e-001
recall: 2.2303891741913501e-001
fmeasure: 2.2303891741913501e-001
