%YAML:1.0
precision: 9.0680803571428570e-001
recall: 4.5340401785714285e-001
fmeasure: 6.0453869047619047e-001
