%YAML:1.0
precision: 8.6637985775971545e-003
recall: 3.4655194310388618e-002
fmeasure: 1.3862077724155448e-002
