%YAML:1.0
precision: 8.8666666666666671e-001
recall: 8.8666666666666671e-001
fmeasure: 8.8666666666666671e-001
